ProductId,n_reviews,avg_score,perc_negative,perc_neutral,perc_positive,product_sentiment,tfidf_keywords
B00004RAMY,76,3.763157894736842,0.27631578947368424,0.17105263157894737,0.5526315789473685,positivo,"set, work, run, tunnel, try, catch, set trap, mole trap"
B00004RBDU,64,3.578125,0.28125,0.234375,0.484375,normal,"trap, product, work, catch, flea trap, buy, sticky, house"
B00004RYGX,115,4.3130434782608695,0.08695652173913043,0.2956521739130435,0.6173913043478261,positivo,"movie, beetlejuice, film, good, great, burton, dvd, keaton"
B00004S1C6,49,4.510204081632653,0.061224489795918366,0.1836734693877551,0.7551020408163265,positivo,"food, use, product, bottle, vibrant, food color, buy, drop"
B00005U2FA,35,4.2,0.14285714285714285,0.17142857142857143,0.6857142857142857,positivo,"bottle, air, product, pump, work, great, saver, use"
B000084E6V,46,3.1956521739130435,0.43478260869565216,0.15217391304347827,0.41304347826086957,negativo,"chew, toy, dinosaur, chewer, nylabone, love, tooth, product"
B000084ETV,101,3.633663366336634,0.3069306930693069,0.13861386138613863,0.5544554455445545,positivo,"canidae, formula, change, eat, dog food, bag, feed, year"
B000084F04,51,3.372549019607843,0.35294117647058826,0.23529411764705882,0.4117647058823529,normal,"cat, box, scoop, swheat, swheat scoop, smell, litter box, clump"
B000084F1I,33,3.9696969696969697,0.18181818181818182,0.21212121212121213,0.6060606060606061,positivo,"dog food, diamond, buy, like, good, eat, bag, love"
B00008JOL0,41,4.536585365853658,0.12195121951219512,0.04878048780487805,0.8292682926829268,positivo,"dog, treat, zuke, like, product, love, old, hip"
B0000CEPDP,39,4.128205128205129,0.1282051282051282,0.3076923076923077,0.5641025641025641,positivo,"eat, try, renal, product, vet, diet, like, kidney"
B0000CFN0Y,39,4.076923076923077,0.1282051282051282,0.28205128205128205,0.5897435897435898,positivo,"color, product, dye, use, little, black, food, red"
B0000DGF9V,45,3.8666666666666667,0.2,0.24444444444444444,0.5555555555555556,positivo,"tree, plant, great, order, bonsai, arrive, leaf, good"
B0000DGFA9,44,3.772727272727273,0.20454545454545456,0.3181818181818182,0.4772727272727273,normal,"tree, plant, bonsai, arrive, little, water, look, day"
B0000DGG1U,34,3.8823529411764706,0.20588235294117646,0.20588235294117646,0.5882352941176471,positivo,"tree, bonsai, look, plant, day, order, arrive, come"
B0000DID5R,37,3.918918918918919,0.16216216216216217,0.35135135135135137,0.4864864864864865,normal,"sauce, hot sauce, like, use, eat, taste, heat, stuff"
B0000DJDJZ,55,4.090909090909091,0.18181818181818182,0.14545454545454545,0.6727272727272727,positivo,"taste, free, sugar free, maple, good, carb, product, try"
B0000V8IOE,77,3.6493506493506493,0.2727272727272727,0.23376623376623376,0.4935064935064935,normal,"kona, good, bean, taste, kona coffee, roast, buy, flavor"
B00012182G,125,3.568,0.28,0.264,0.456,normal,"rabbit, fresh, bunny, fresh rabbit, easter, little, like, buy"
B00014IVPQ,56,4.732142857142857,0.017857142857142856,0.16071428571428573,0.8214285714285714,positivo,"oil, coconut, hair, coconut oil, use, skin, product, great"
B00014JNI0,41,4.585365853658536,0.07317073170731707,0.0975609756097561,0.8292682926829268,positivo,"good, organic, product, taste, jar, raw, use, buy"
B00016LA8Y,34,4.147058823529412,0.17647058823529413,0.17647058823529413,0.6470588235294118,positivo,"lobster, recipe, br, base, product, use, seafood, bisque"
B00016LZT8,50,3.86,0.24,0.24,0.52,positivo,"powder, product, taste, use, popcorn, mac, mac cheese, like"
B00017LEXO,41,3.6097560975609757,0.3170731707317073,0.17073170731707318,0.5121951219512195,positivo,"pop, kernel, good, red, buy, hull, great, time"
B0001CVDZI,32,4.8125,0.03125,0.0625,0.90625,positivo,"jerk, chicken, seasoning, good, try, jerk seasoning, walkerswood, stuff"
B0001CXUHW,41,4.2926829268292686,0.14634146341463414,0.12195121951219512,0.7317073170731707,positivo,"bread, great, product, use, work, good, bake, store"
B0001ES9F8,117,4.119658119658119,0.1794871794871795,0.19658119658119658,0.6239316239316239,positivo,"pod, senseo, flavor, cup, good, roast, like, taste"
B0001ES9FI,89,4.202247191011236,0.11235955056179775,0.3258426966292135,0.5617977528089888,positivo,"pod, senseo, good, like, roast, dark, machine, flavor"
B0001M0Z6Q,33,4.454545454545454,0.12121212121212122,0.15151515151515152,0.7272727272727273,positivo,"pepper, peppercorn, buy, good, product, taste, price, bag"
B00020UGN4,33,4.242424242424242,0.12121212121212122,0.21212121212121213,0.6666666666666666,positivo,"good, taste, leonidas, belgium, great, order, box, gift"
B000255OIG,51,4.313725490196078,0.0784313725490196,0.3137254901960784,0.6078431372549019,positivo,"dog, liver, love, piece, product, training, size, price"
B00027CL5S,33,4.515151515151516,0.12121212121212122,0.030303030303030304,0.8484848484848485,positivo,"treat, chicken, love, eat, food, come, time, cat love"
B00028HN5A,67,4.223880597014926,0.11940298507462686,0.23880597014925373,0.6417910447761194,positivo,"catnip, love, stuff, like, product, buy, nip, cat love"
B00028P3CK,58,4.086206896551724,0.1896551724137931,0.1206896551724138,0.6896551724137931,positivo,"stevia, product, sugar, taste, use, good, buy, year"
B0002ARQYQ,77,3.779220779220779,0.19480519480519481,0.33766233766233766,0.4675324675324675,normal,"dog, toy, cube, food, treat, love, hard, great"
B0002DH5MG,35,1.4,0.9142857142857143,0.0,0.08571428571428572,negativo,"dog, pee, post, work, pee post, yard, smell, sniff"
B0002E2GQU,75,3.2933333333333334,0.32,0.32,0.36,normal,"coffee, bean, espresso, lavazza, good, like, taste, crema"
B0002JG0HG,34,4.235294117647059,0.11764705882352941,0.23529411764705882,0.6470588235294118,positivo,"syrup, maple, maple syrup, grade, good, product, flavor, price"
B0002PHEU2,41,4.560975609756097,0.0975609756097561,0.07317073170731707,0.8292682926829268,positivo,"oil, cinnamon, cinnamon oil, hot, toothpick, quality, taste, product"
B0002PHEZC,34,4.735294117647059,0.029411764705882353,0.14705882352941177,0.8235294117647058,positivo,"vanilla, vanilla bean, order, extract, good, buy, vanilla extract, great"
B0002PSOJW,40,4.675,0.075,0.025,0.9,positivo,"hot, hot sauce, flavor, good, food, heat, sriracha, bottle"
B0002R1HVC,35,3.8857142857142857,0.2,0.2857142857142857,0.5142857142857142,positivo,"candy, gift, buy, great, box, idea, christmas, old"
B0002YW26E,51,3.411764705882353,0.35294117647058826,0.21568627450980393,0.43137254901960786,normal,"trap, roach, catch, bug, spider, insect, product, work"
B00061MVTG,32,4.375,0.125,0.125,0.75,positivo,"pocket, treat, pill pocket, try, eat, day, like, flavor"
B000633NXM,40,3.825,0.25,0.175,0.575,positivo,"love, chew, big, buy, thing, dog love, time, box"
B00064VQO4,39,4.205128205128205,0.15384615384615385,0.1794871794871795,0.6666666666666666,positivo,"olive oil, taste, good, bariani, bottle, quality, use, like"
B0006Z7NOK,124,4.556451612903226,0.08064516129032258,0.12903225806451613,0.7903225806451613,positivo,"vinegar, product, good, cider, acv, apple, apple cider, day"
B0006ZN538,62,4.516129032258065,0.0967741935483871,0.0967741935483871,0.8064516129032258,positivo,"almond, almond flour, product, good, great, recipe, use, bag"
B0007A0AQW,89,3.741573033707865,0.30337078651685395,0.07865168539325842,0.6179775280898876,positivo,"treat, dog, love, like, smell, eat, small, great"
B0007R9L4M,33,4.212121212121212,0.12121212121212122,0.21212121212121213,0.6666666666666666,positivo,"product, lentil, like, taste, add, tasty, bite, great"
B0008IT4OM,100,3.78,0.27,0.13,0.6,positivo,"chocolate, truffle, good, gift, great, order, eat, taste"
B0009ETA76,117,3.871794871794872,0.20512820512820512,0.26495726495726496,0.5299145299145299,positivo,"milk, day, fenugreek, work, increase, supply, baby, pump"
B0009F3POY,113,3.982300884955752,0.21238938053097345,0.18584070796460178,0.6017699115044248,positivo,"tea, milk, drink, day, work, supply, taste, help"
B0009F3PP8,36,4.777777777777778,0.027777777777777776,0.1111111111111111,0.8611111111111112,positivo,"drink, good, period, help, labor, try, week, day"
B0009F3QKW,44,4.113636363636363,0.20454545454545456,0.13636363636363635,0.6590909090909091,positivo,"kava, taste, drink, stress, love, cup, like, feel"
B0009F3QL6,37,4.648648648648648,0.02702702702702703,0.13513513513513514,0.8378378378378378,positivo,"licorice, like, flavor, sweet, drink, yogi, good, love"
B0009F3QLQ,35,4.6571428571428575,0.02857142857142857,0.17142857142857143,0.8,positivo,"day, cramp, period, work, drink, pain, help, cup"
B0009F3S78,32,4.59375,0.0625,0.125,0.8125,positivo,"coffee, taste, drink, good, love, help, dandelion, flavor"
B0009F3SA0,49,4.244897959183674,0.10204081632653061,0.30612244897959184,0.5918367346938775,positivo,"sleep, taste, drink, help, bedtime, try, work, good"
B0009F3SAK,44,4.0227272727272725,0.20454545454545456,0.22727272727272727,0.5681818181818182,positivo,"drink, taste, like, good, detox, flavor, love, feel"
B0009F3SBY,46,4.565217391304348,0.08695652173913043,0.10869565217391304,0.8043478260869565,positivo,"kombucha, green, green tea, good, drink, taste, flavor, like"
B0009X0RA6,58,4.293103448275862,0.13793103448275862,0.10344827586206896,0.7586206896551724,positivo,"dog food, love, good, buy, quality, price, feed, great"
B0009XSXZM,64,3.46875,0.296875,0.28125,0.421875,normal,"stick, dog, bully, bully stick, chew, order, love, price"
B0009Y8AGI,60,3.8333333333333335,0.16666666666666666,0.43333333333333335,0.4,normal,"tea, milk, taste, day, supply, drink, increase, help"
B0009YUEG2,68,3.5294117647058822,0.27941176470588236,0.29411764705882354,0.4264705882352941,normal,"box, pine, pellet, smell, like, feline, feline pine, use"
B000A3I3BA,55,3.7454545454545456,0.2545454545454545,0.2727272727272727,0.4727272727272727,normal,"jar, stir, lid, product, work, mix, easy, natural"
B000AAIAH0,33,3.606060606060606,0.18181818181818182,0.48484848484848486,0.3333333333333333,normal,"dog, ball, long, treat ball, flavor, like, thing, chew"
B000AQFQC6,87,2.8620689655172415,0.4367816091954023,0.367816091954023,0.19540229885057472,negativo,"noodle, pasta, product, like, taste, smell, sauce, eat"
B000AQJRWG,69,3.2318840579710146,0.391304347826087,0.2028985507246377,0.4057971014492754,normal,"noodle, product, like, order, pasta, eat, package, try"
B000AY9SR2,33,4.393939393939394,0.18181818181818182,0.0,0.8181818181818182,positivo,"eat, chicken, great, like, fry, tender, love, vegetarian"
B000AYFATW,35,4.371428571428571,0.11428571428571428,0.17142857142857143,0.7142857142857143,positivo,"sugar, cooky, free, taste, sugar free, good, like, murray"
B000B7SX0G,38,4.105263157894737,0.13157894736842105,0.3157894736842105,0.5526315789473685,positivo,"matcha, good, powder, green, green tea, price, try, taste"
B000BBY7ZC,32,4.53125,0.0625,0.21875,0.71875,positivo,"flower, order, bouquet, time, day, beautiful, arrive, long"
B000BD0SDU,34,4.147058823529412,0.23529411764705882,0.029411764705882353,0.7352941176470589,positivo,"taste, use, product, sand, flavor, mineral, real, real salt"
B000BEZVW2,53,4.3584905660377355,0.11320754716981132,0.16981132075471697,0.7169811320754716,positivo,"dog, eat, taste, like, great, good, big, frank"
B000BF10IA,35,4.3428571428571425,0.08571428571428572,0.2571428571428571,0.6571428571428571,positivo,"product, vegetarian, gravy, meat, swiss, good, linda, great"
B000BY50BY,44,3.3863636363636362,0.29545454545454547,0.36363636363636365,0.3409090909090909,normal,"dog, chew, like, product, treat, love, smell, tendon"
B000CMF196,68,4.352941176470588,0.08823529411764706,0.29411764705882354,0.6176470588235294,positivo,"taste, green, flavor, green tea, drink, blueberry, great, like"
B000CONMBS,36,4.166666666666667,0.16666666666666666,0.1388888888888889,0.6944444444444444,positivo,"bag, snack, good, love, product, booty, like, eat"
B000CPZSC8,51,4.509803921568627,0.0784313725490196,0.17647058823529413,0.7450980392156863,positivo,"extract, vanilla bean, buy, vanilla extract, smell, price, great, quality"
B000CQ01GU,41,4.073170731707317,0.17073170731707318,0.21951219512195122,0.6097560975609756,positivo,"cheese, annie, mac, mac cheese, taste, like, box, buy"
B000CQ01NS,35,3.7142857142857144,0.2857142857142857,0.22857142857142856,0.4857142857142857,normal,"cheese, gluten, pasta, free, gluten free, mac, mac cheese, good"
B000CQ6KTM,47,3.6595744680851063,0.3191489361702128,0.14893617021276595,0.5319148936170213,positivo,"cheese, mac, mac cheese, like, taste, product, annie, good"
B000CQBZOW,83,4.289156626506024,0.10843373493975904,0.25301204819277107,0.6385542168674698,positivo,"flavor, good, taste, stash, licorice, like, try, chamomile"
B000CQBZQK,52,3.730769230769231,0.2692307692307692,0.21153846153846154,0.5192307692307693,positivo,"taste, like, flavor, love, decaf, chocolate, great, chai"
B000CQE3HS,118,3.5762711864406778,0.2796610169491525,0.2627118644067797,0.4576271186440678,normal,"slim, jim, slim jim, great, good, box, like, slim jims"
B000CQG8K8,130,4.1692307692307695,0.14615384615384616,0.2,0.6538461538461539,positivo,"chai, good, earl, like, try, flavor, grey, earl grey"
B000CRFORU,43,3.302325581395349,0.4186046511627907,0.18604651162790697,0.3953488372093023,negativo,"taste, good, protein, think, peanut, protein bar, butter, peanut butter"
B000CRHQN0,79,3.2278481012658227,0.43037974683544306,0.11392405063291139,0.45569620253164556,normal,"bar, taste, protein, like, peanut, good, sugar, protein bar"
B000CRIUNU,37,4.054054054054054,0.16216216216216217,0.21621621621621623,0.6216216216216216,positivo,"granola, nut, bear, naked, bear naked, good, fruit, product"
B000CSKK5A,40,4.1,0.2,0.15,0.65,positivo,"popcorn, good, salt, natural, product, fat, light, butter"
B000CSKKG4,47,4.361702127659575,0.1276595744680851,0.1276595744680851,0.7446808510638298,positivo,"pumpkin, pumpkin seed, salt, good, great, amazon, eat, store"
B000DZDJ0K,51,4.686274509803922,0.0392156862745098,0.11764705882352941,0.8431372549019608,positivo,"mix, good, gluten, recipe, product, use, pancake mix, try"
B000DZFMEQ,120,4.341666666666667,0.09166666666666666,0.21666666666666667,0.6916666666666667,positivo,"mix, gluten, free, try, good, bread mix, gluten free, like"
B000E1DSSQ,37,4.837837837837838,0.02702702702702703,0.08108108108108109,0.8918918918918919,positivo,"good, dressing, salad, store, caesar, amazon, mix, product"
B000E1FXNY,38,4.868421052631579,0.02631578947368421,0.02631578947368421,0.9473684210526315,positivo,"custard, store, amazon, product, buy, jello, time, available"
B000E1FY7Y,32,4.46875,0.09375,0.15625,0.75,positivo,"start, good, baby, good start, daughter, cheap, similac, try"
B000E1HVR0,53,4.377358490566038,0.11320754716981132,0.16981132075471697,0.7169811320754716,positivo,"spaghetti, sauce, dinner, good, kraft, product, box, year"
B000E23VXW,44,4.181818181818182,0.13636363636363635,0.2727272727272727,0.5909090909090909,positivo,"protein, powder, taste, mix, hemp, flavor, product, protein powder"
B000E243RA,53,3.0754716981132075,0.41509433962264153,0.32075471698113206,0.2641509433962264,negativo,"chip, eat, like, taste, bag, protein, order, good"
B000E48IMO,34,4.294117647058823,0.08823529411764706,0.20588235294117646,0.7058823529411765,positivo,"eat, good, free, gluten, gluten free, taste, like, product"
B000E63LDS,45,4.377777777777778,0.1111111111111111,0.15555555555555556,0.7333333333333333,positivo,"spice, flavor, chai, like, bengal, taste, bengal spice, cinnamon"
B000E65OQA,46,4.369565217391305,0.10869565217391304,0.1956521739130435,0.6956521739130435,positivo,"tea, sleep, sleepytime, valerian, night, good, extra, like"
B000E8WIAS,65,3.8153846153846156,0.23076923076923078,0.2153846153846154,0.5538461538461539,positivo,"stevia, taste, flavor, like, vanilla, coffee, use, sugar"
B000ED7M2W,48,4.645833333333333,0.041666666666666664,0.14583333333333334,0.8125,positivo,"flaxseed, seed, product, good, great, grind, add, quality"
B000ED7M3Q,46,3.5217391304347827,0.30434782608695654,0.2391304347826087,0.45652173913043476,normal,"taste, free, gluten, bread, gluten free, bean, recipe, like"
B000ED9L9E,62,4.983870967741935,0.0,0.016129032258064516,0.9838709677419355,positivo,"oat, bran, oat bran, good, cereal, eat, like, great"
B000EDBQ6A,33,4.878787878787879,0.0,0.06060606060606061,0.9393939393939394,positivo,"flaxseed, product, good, add, great, cereal, use, taste"
B000EDDS6Q,103,4.58252427184466,0.06796116504854369,0.1553398058252427,0.7766990291262136,positivo,"muesli, good, like, eat, product, cereal, great, taste"
B000EDG3UE,94,4.4361702127659575,0.10638297872340426,0.14893617021276595,0.7446808510638298,positivo,"quinoa, rice, grain, product, cook, eat, good, taste"
B000EDG430,54,4.092592592592593,0.18518518518518517,0.2037037037037037,0.6111111111111112,positivo,"mix, gluten, good, like, free, loaf, taste, gluten free"
B000EDG598,32,4.5,0.09375,0.15625,0.75,positivo,"flour, almond, almond flour, product, use, carb, good, low"
B000EDG5CA,32,4.4375,0.0625,0.25,0.6875,positivo,"protein, whey, product, whey protein, taste, add, powder, like"
B000EDK67K,65,4.3076923076923075,0.12307692307692308,0.2,0.676923076923077,positivo,"mix, taste, use, product, powder, water, yogurt, like"
B000EDK7WO,36,3.9444444444444446,0.2222222222222222,0.1388888888888889,0.6388888888888888,positivo,"bar, good, taste, food, raw, eat, chocolate, like"
B000EEWZF0,56,4.482142857142857,0.07142857142857142,0.21428571428571427,0.7142857142857143,positivo,"good, oil, taste, olive, olive oil, prince, eat, buy"
B000EEWZG4,57,3.8421052631578947,0.24561403508771928,0.17543859649122806,0.5789473684210527,positivo,"salmon, salt, bone, product, good, like, add, buy"
B000EGZ2L2,38,4.105263157894737,0.21052631578947367,0.07894736842105263,0.7105263157894737,positivo,"dog food, canidae, good, eat, love, problem, year, ingredient"
B000EHL21U,40,4.3,0.15,0.1,0.75,positivo,"bar, like, taste, love, eat, good, chewy, kashi"
B000EHP62G,61,4.590163934426229,0.04918032786885246,0.16393442622950818,0.7868852459016393,positivo,"bar, good, taste, kashi, like, chocolate, great, snack"
B000EIVM8C,36,4.111111111111111,0.16666666666666666,0.16666666666666666,0.6666666666666666,positivo,"cooky, breakfast, chocolate, taste, love, order, eat, good"
B000EM6PC6,33,4.2727272727272725,0.12121212121212122,0.18181818181818182,0.696969696969697,positivo,"loose, loose tea, lipton, product, good, bag, try, great"
B000EMD1XW,41,4.195121951219512,0.14634146341463414,0.17073170731707318,0.6829268292682927,positivo,"flavor, like, taste, try, love, good, caramel, vanilla"
B000EONEU0,43,4.186046511627907,0.11627906976744186,0.27906976744186046,0.6046511627906976,positivo,"starter, buy, milk, product, make, try, time, add"
B000EOXQS0,55,4.3090909090909095,0.12727272727272726,0.2,0.6727272727272727,positivo,"soup, cup, great, product, good, water, flavor, noodle"
B000EQT77M,37,3.4594594594594597,0.32432432432432434,0.32432432432432434,0.35135135135135137,normal,"chip, potato, like, sweet, bag, taste, sweet potato, great"
B000EQYSLC,38,3.8157894736842106,0.18421052631578946,0.3157894736842105,0.5,normal,"bag, eat, potato, like, good, love, buy, potato chip"
B000ER6ZRG,41,2.731707317073171,0.5365853658536586,0.21951219512195122,0.24390243902439024,negativo,"biscuit, piece, baby, break, old, choke, month, teethe"
B000ESJR20,64,4.71875,0.046875,0.109375,0.84375,positivo,"instant, good, instant coffee, taste, hagen, organic, cup, mount hagen"
B000ESLJ6C,61,4.311475409836065,0.11475409836065574,0.22950819672131148,0.6557377049180327,positivo,"coffee, pero, postum, drink, taste, like, good, product"
B000ET4SM8,69,4.579710144927536,0.057971014492753624,0.17391304347826086,0.7681159420289855,positivo,"vanilla, vanilla bean, extract, price, order, good, fresh, use"
B000EUF9CK,41,4.2682926829268295,0.12195121951219512,0.17073170731707318,0.7073170731707317,positivo,"dark, good, taste, dark chocolate, bar, like, sweet, black"
B000EVG8H4,109,4.477064220183486,0.07339449541284404,0.1926605504587156,0.7339449541284404,positivo,"mix, gluten, free, good, gluten free, like, bread mix, try"
B000EVKHNA,34,4.529411764705882,0.08823529411764706,0.11764705882352941,0.7941176470588235,positivo,"gluten, free, gluten free, great, recipe, use, work, good"
B000EVMNMI,37,3.3783783783783785,0.35135135135135137,0.1891891891891892,0.4594594594594595,normal,"bag, taste, flavor, like, cola, haribo, candy, buy"
B000EVMNP0,55,3.6545454545454548,0.3090909090909091,0.09090909090909091,0.6,positivo,"candy, bag, great, love, like, raspberry, pound, order"
B000EVOQNC,35,4.0,0.22857142857142856,0.11428571428571428,0.6571428571428571,positivo,"black, black licorice, like, flavor, taste, good, wheel, product"
B000EVOSE4,150,3.8333333333333335,0.24666666666666667,0.16,0.5933333333333334,positivo,"bear, gummi, bag, gummy, good, gummi bear, gummy bear, buy"
B000EVQWKC,103,2.854368932038835,0.4854368932038835,0.20388349514563106,0.3106796116504854,negativo,"eat, sugar, bear, taste, free, good, like, sugar free"
B000EVT042,62,4.048387096774194,0.22580645161290322,0.08064516129032258,0.6935483870967742,positivo,"bear, gummi, bag, good, haribo, candy, gummy, gummi bear"
B000EVT074,37,4.45945945945946,0.05405405405405406,0.24324324324324326,0.7027027027027027,positivo,"peach, candy, bag, like, haribo, gummy, love, buy"
B000EYRHL2,33,4.606060606060606,0.0,0.30303030303030304,0.696969696969697,positivo,"fruit, snack, great, cherry, dry, love, apple, easy"
B000EZOKX4,56,4.214285714285714,0.125,0.23214285714285715,0.6428571428571429,positivo,"evo, cat food, dry, eat, love, feed, like, product"
B000F3OERW,32,4.75,0.0625,0.0,0.9375,positivo,"sesame, snack, great, buy, love, like, sesame seed, seed"
B000F4D5GC,43,4.604651162790698,0.09302325581395349,0.06976744186046512,0.8372093023255814,positivo,"product, great, bag, organic, good, price, buy, taste"
B000F4J746,32,4.8125,0.0,0.125,0.875,positivo,"good, wales, store, taste, prince, prince wales, time, love"
B000F6SNPS,104,3.3846153846153846,0.375,0.10576923076923077,0.5192307692307693,positivo,"good, flavor, taste, box, earth, artificial, good earth, amazon"
B000FA38ZY,74,3.7972972972972974,0.22972972972972974,0.28378378378378377,0.4864864864864865,normal,"cooky, cookie, marshmallow, box, like, eat, mallomar, taste"
B000FAPM2Q,36,4.694444444444445,0.027777777777777776,0.1111111111111111,0.8611111111111112,positivo,"broth, soup, good, product, seasoning, add, great, use"
B000FBM3YK,33,4.242424242424242,0.21212121212121213,0.0,0.7878787878787878,positivo,"cooky, chocolate, sweet, like, box, love, good, sugar"
B000FBMFDO,44,4.409090909090909,0.11363636363636363,0.13636363636363635,0.75,positivo,"hole, tunnel, work, set, box, catch, try, kill"
B000FBOAP0,36,4.5,0.08333333333333333,0.16666666666666666,0.75,positivo,"taste, cooky, box, great, butter, amazon, love, crisp"
B000FBQ594,45,4.022222222222222,0.17777777777777778,0.26666666666666666,0.5555555555555556,positivo,"cooky, like, taste, cookie, eat, buy, filling, fat"
B000FDDESC,46,4.413043478260869,0.08695652173913043,0.21739130434782608,0.6956521739130435,positivo,"mix, good, great, loaf, like, flavor, bake, time"
B000FDDESM,57,4.473684210526316,0.08771929824561403,0.12280701754385964,0.7894736842105263,positivo,"mix, loaf, good, grain, like, great, machine, bake"
B000FDDET6,33,3.696969696969697,0.2727272727272727,0.15151515151515152,0.5757575757575758,positivo,"bread, mix, good, loaf, add, rise, bread mix, machine"
B000FDMLVS,39,4.769230769230769,0.02564102564102564,0.1282051282051282,0.8461538461538461,positivo,"bread, gluten, flour, wheat, use, box, make, recipe"
B000FFIEL2,46,3.717391304347826,0.2391304347826087,0.2608695652173913,0.5,normal,"soup, taste, bean, like, good, great, flavor, add"
B000FFIL92,156,4.019230769230769,0.16025641025641027,0.28846153846153844,0.5512820512820513,positivo,"gift, flower, box, pot, set, great, buy, love"
B000FFLHSY,138,3.4782608695652173,0.3188405797101449,0.2536231884057971,0.427536231884058,normal,"berry, goji, taste, goji berry, product, good, eat, like"
B000FFLHU2,111,3.945945945945946,0.1891891891891892,0.2702702702702703,0.5405405405405406,positivo,"maca, taste, product, like, powder, try, energy, feel"
B000FFLTD2,43,2.7674418604651163,0.5348837209302325,0.20930232558139536,0.2558139534883721,negativo,"thai, soup, pad thai, pad, like, noodle, flavor, taste"
B000FFPXF2,36,4.027777777777778,0.19444444444444445,0.16666666666666666,0.6388888888888888,positivo,"like, pea, great, healthy, split pea, split, taste, good"
B000FFVYF0,38,4.473684210526316,0.10526315789473684,0.10526315789473684,0.7894736842105263,positivo,"nut, good, great, like, snack, taste, sweet, favorite"
B000FI4O90,174,3.82183908045977,0.22413793103448276,0.28735632183908044,0.4885057471264368,normal,"grow, herb, plant, aerogarden, garden, seed, pump, light"
B000FI61OQ,131,3.0610687022900764,0.37404580152671757,0.35877862595419846,0.26717557251908397,negativo,"grow, kit, tomato, herb, plant, seed, garden, aerogarden"
B000FI701Y,41,4.536585365853658,0.0975609756097561,0.0975609756097561,0.8048780487804879,positivo,"bean, taste, great, refrie bean, refrie, easy, buy, good"
B000FICDO8,39,4.82051282051282,0.02564102564102564,0.10256410256410256,0.8717948717948718,positivo,"taste, refrie bean, refrie, good, add, like, try, easy"
B000FIXT2I,56,4.178571428571429,0.14285714285714285,0.23214285714285715,0.625,positivo,"brown, brown rice, bowl, good, product, eat, great, easy"
B000FK63IS,53,4.584905660377358,0.05660377358490566,0.1320754716981132,0.8113207547169812,positivo,"gluten, free, rice, gluten free, tinkyada, good, try, spaghetti"
B000FL08B0,74,4.364864864864865,0.0945945945945946,0.21621621621621623,0.6891891891891891,positivo,"sugar, agave, use, taste, product, bottle, great, syrup"
B000FL3IM6,37,3.972972972972973,0.21621621621621623,0.1891891891891892,0.5945945945945946,positivo,"bean, good, great, flavor, dark, bag, roast, like"
B000FMTJJQ,33,4.303030303030303,0.12121212121212122,0.15151515151515152,0.7272727272727273,positivo,"sugar, agave, product, use, great, honey, raw, light"
B000FMZO8G,84,3.8452380952380953,0.23809523809523808,0.2619047619047619,0.5,normal,"snack, like, bag, taste, eat, pea, buy, love"
B000FNB3AI,88,3.8295454545454546,0.23863636363636365,0.20454545454545456,0.5568181818181818,positivo,"cooky, cookie, good, free, taste, gluten, eat, like"
B000FSPQTM,33,3.3636363636363638,0.36363636363636365,0.2727272727272727,0.36363636363636365,normal,"jerky, like, flavor, product, chew, good, taste, spicy"
B000FYVKRS,36,3.7222222222222223,0.25,0.2222222222222222,0.5277777777777778,positivo,"beef, product, like, taste, good, stick, slim, jerky"
B000G0EP78,46,4.0,0.15217391304347827,0.391304347826087,0.45652173913043476,normal,"product, carb, low, pancake, low carb, good, taste, biscuit"
B000G1PAC6,47,4.085106382978723,0.1276595744680851,0.2978723404255319,0.574468085106383,positivo,"oolong, taste, drink, oolong tea, great, weight, good, like"
B000G6O2S4,37,4.0,0.24324324324324326,0.10810810810810811,0.6486486486486487,positivo,"potato, salt, like, taste, great, potato chip, fat, bag"
B000G6RYNE,128,3.703125,0.2734375,0.1953125,0.53125,positivo,"bag, like, salt, kettle, flavor, good, taste, potato"
B000G82L62,68,4.794117647058823,0.014705882352941176,0.1323529411764706,0.8529411764705882,positivo,"good, blend, wild, great, brown, taste, cook, flavor"
B000GAT6NG,222,4.716216216216216,0.02252252252252252,0.14414414414414414,0.8333333333333334,positivo,"oil, coconut, coconut oil, product, use, skin, great, good"
B000GFYRJE,33,4.545454545454546,0.030303030303030304,0.2727272727272727,0.696969696969697,positivo,"oolong, good, taste, like, chinese, drink, try, oolong tea"
B000GG1O6M,34,3.911764705882353,0.2647058823529412,0.14705882352941177,0.5882352941176471,positivo,"bag, grey, earl, earl grey, good, tea bag, flavor, bergamot"
B000GJQ5C2,37,4.0,0.13513513513513514,0.35135135135135137,0.5135135135135135,positivo,"rum, rum cake, moist, try, great, love, amazon, order"
B000GQ80TQ,37,3.6486486486486487,0.24324324324324326,0.2702702702702703,0.4864864864864865,normal,"dog, bone, chew, love, nylabone, buy, toy, month"
B000GZSDSA,38,3.0526315789473686,0.47368421052631576,0.10526315789473684,0.42105263157894735,negativo,"china, baby, mum, buy, old, food, love, product"
B000GZUBAS,89,4.056179775280899,0.1797752808988764,0.20224719101123595,0.6179775280898876,positivo,"baby, mum, love, product, eat, month, old, china"
B000GZW5OS,48,3.9791666666666665,0.1875,0.2708333333333333,0.5416666666666666,positivo,"bpa, eden, good, black, free, price, great, organic"
B000H23Z1C,32,4.34375,0.15625,0.0625,0.78125,positivo,"good, mix, like, add, taste, shelby, year, salt"
B000H241DS,38,3.6842105263157894,0.2631578947368421,0.2894736842105263,0.4473684210526316,normal,"sushi, kit, rice, item, product, buy, gift, book"
B000H27NU6,68,4.132352941176471,0.10294117647058823,0.3235294117647059,0.5735294117647058,positivo,"hot, mix, milk, cocoa, hot chocolate, good, taste, hot cocoa"
B000H7ELTW,46,4.043478260869565,0.15217391304347827,0.2826086956521739,0.5652173913043478,positivo,"cranberry, good, buy, dry, sweet, great, taste, like"
B000H7F78Q,42,4.095238095238095,0.14285714285714285,0.2619047619047619,0.5952380952380952,positivo,"chocolate, good, free, gluten, taste, gluten free, eat, cookie"
B000H7LVKY,145,4.13103448275862,0.14482758620689656,0.23448275862068965,0.6206896551724138,positivo,"cherry, dry, order, dry cherry, taste, sweet, good, like"
B000HDK0D2,88,4.045454545454546,0.13636363636363635,0.3068181818181818,0.5568181818181818,positivo,"flavor, lollipop, love, taste, great, good, organic, br"
B000HDK0DC,103,4.300970873786408,0.10679611650485436,0.23300970873786409,0.6601941747572816,positivo,"flavor, br, kid, lollipop, bag, like, great, love"
B000HDKZKU,35,2.942857142857143,0.5142857142857142,0.05714285714285714,0.42857142857142855,negativo,"bar, like, product, chocolate, love, free, son, good"
B000HDOPZG,37,4.8108108108108105,0.02702702702702703,0.08108108108108109,0.8918918918918919,positivo,"wafer, lemon, cooky, buy, love, flavor, taste, good"
B000HHO9EE,32,4.0625,0.15625,0.25,0.59375,positivo,"fence, work, product, wire, dog, shock, great, charger"
B000HJ7AIY,96,3.3229166666666665,0.34375,0.28125,0.375,normal,"trap, pantry, product, work, catch, brand, sticky, pest"
B000HZH8NA,53,4.69811320754717,0.018867924528301886,0.16981132075471697,0.8113207547169812,positivo,"cup, bold, like, strong, try, good, espresso, timothy"
B000I1RHMU,56,4.267857142857143,0.125,0.17857142857142858,0.6964285714285714,positivo,"green, green tea, taste, organic, drink, black, stash, flavor"
B000IBILV6,35,4.142857142857143,0.17142857142857143,0.11428571428571428,0.7142857142857143,positivo,"dog, treat, love, buy, chicken, happy, hip, happy hips"
B000IHNCQO,83,2.9036144578313254,0.4457831325301205,0.3253012048192771,0.2289156626506024,negativo,"cheese, like, snack, low, good, taste, carb, salty"
B000ILEITA,33,4.393939393939394,0.09090909090909091,0.15151515151515152,0.7575757575757576,positivo,"dog, treat, like, love, eat, buy, smell, biscuit"
B000ILILM0,51,4.431372549019608,0.09803921568627451,0.1568627450980392,0.7450980392156863,positivo,"cooky, free, gluten, taste, gluten free, good, ginger, chocolate"
B000IW71BQ,54,4.62962962962963,0.05555555555555555,0.14814814814814814,0.7962962962962963,positivo,"treat, flake, love, cat love, like, product, container, healthy"
B000J41TB6,37,4.54054054054054,0.02702702702702703,0.24324324324324326,0.7297297297297297,positivo,"mix, taste, good, store, saco, use, dry, buy"
B000J423MK,37,4.297297297297297,0.10810810810810811,0.1891891891891892,0.7027027027027027,positivo,"taste, good, nido, like, buy, powder, milk powder, powdered"
B000JJHDVG,47,4.638297872340425,0.0425531914893617,0.19148936170212766,0.7659574468085106,positivo,"maple, maple sugar, good, product, flavor, great, use, price"
B000JZYM8C,36,3.25,0.4166666666666667,0.1388888888888889,0.4444444444444444,normal,"taste, like, bar, chocolate, try, flavor, good, taste like"
B000K8ID2E,35,3.8285714285714287,0.14285714285714285,0.45714285714285713,0.4,normal,"grass, cat, grow, seed, day, eat, buy, love"
B000K8UL4C,70,3.9,0.2571428571428571,0.08571428571428572,0.6571428571428571,positivo,"cracker, taste, like, gluten, love, free, gluten free, flavor"
B000KENKXA,36,4.083333333333333,0.1388888888888889,0.2777777777777778,0.5833333333333334,positivo,"cornbread, mix, gluten, try, product, good, gluten free, free"
B000KENKZ8,33,4.515151515151516,0.09090909090909091,0.18181818181818182,0.7272727272727273,positivo,"coconut flour, recipe, great, good, use, bread, br, bake"
B000KEPBBY,63,4.666666666666667,0.031746031746031744,0.1746031746031746,0.7936507936507936,positivo,"mix, add, good, soup mix, great, cook, like, product"
B000KEPBCS,55,3.6,0.3090909090909091,0.18181818181818182,0.509090909090909,positivo,"taste, gluten, free, mix, gluten free, product, good, bread"
B000KEPBGO,33,4.393939393939394,0.15151515151515152,0.15151515151515152,0.696969696969697,positivo,"cereal, add, eat, like, taste, great, mix, hot"
B000KFXEYE,48,4.104166666666667,0.16666666666666666,0.1875,0.6458333333333334,positivo,"chocolate, hot, cocoa, taste, hot chocolate, like, milk, mix"
B000KHMWQS,52,4.653846153846154,0.038461538461538464,0.17307692307692307,0.7884615384615384,positivo,"kipper, good, like, fish, great, buy, snack, try"
B000KKQNJM,39,3.3076923076923075,0.3333333333333333,0.3076923076923077,0.358974358974359,normal,"house, kit, gingerbread, candy, piece, buy, gingerbread house, icing"
B000KNB0OW,56,4.553571428571429,0.05357142857142857,0.21428571428571427,0.7321428571428571,positivo,"oat, oats, cut, good, steel, steel cut, cook, great"
B000KSPX7C,46,3.9347826086956523,0.1956521739130435,0.2608695652173913,0.5434782608695652,positivo,"bean, bag, good, try, price, like, great, dark"
B000KSTY86,32,4.0625,0.125,0.34375,0.53125,positivo,"bean, good, dark, flavor, roast, try, buy, great"
B000KSTYBS,33,4.0606060606060606,0.18181818181818182,0.21212121212121213,0.6060606060606061,positivo,"great, roast, bean, french, french roast, like, buy, dark"
B000KV61FC,381,3.3805774278215224,0.3543307086614173,0.24671916010498687,0.3989501312335958,normal,"toy, dog, rope, treat, food, love, jug, bottle"
B000LKTMLM,43,4.558139534883721,0.11627906976744186,0.046511627906976744,0.8372093023255814,positivo,"eat, like, great, milk, good, price, love, healthy"
B000LKVB6Q,38,3.236842105263158,0.42105263157894735,0.15789473684210525,0.42105263157894735,normal,"milk, drink, vanilla, product, amazon, kid, love, great"
B000LKXCB8,36,2.8333333333333335,0.4444444444444444,0.3611111111111111,0.19444444444444445,negativo,"taste, like, indian, try, eat, product, food, buy"
B000LKXCD6,38,3.026315789473684,0.39473684210526316,0.34210526315789475,0.2631578947368421,negativo,"paneer, taste, good, product, like, palak, palak paneer, spinach"
B000LKZ3GA,49,3.6122448979591835,0.2857142857142857,0.24489795918367346,0.46938775510204084,normal,"milk, love, chocolate, price, buy, organic, taste, product"
B000LKZ3I8,32,3.90625,0.1875,0.375,0.4375,normal,"milk, love, taste, great, product, strawberry, like, kid"
B000LL0R92,34,3.088235294117647,0.38235294117647056,0.29411764705882354,0.3235294117647059,negativo,"taste, like, drink, flavor, coconut, water, try, mango"
B000LQLV3S,49,4.408163265306122,0.10204081632653061,0.1836734693877551,0.7142857142857143,positivo,"noodle, soup, like, spicy, add, hot, good, flavor"
B000LQLV7E,37,4.27027027027027,0.10810810810810811,0.2702702702702703,0.6216216216216216,positivo,"noodle, spicy, good, product, love, add, food, soup"
B000LQNK50,54,3.8703703703703702,0.2037037037037037,0.25925925925925924,0.5370370370370371,positivo,"noodle, like, taste, flavor, tasty, korean, add, sauce"
B000LQORDE,181,4.337016574585635,0.10497237569060773,0.2154696132596685,0.6795580110497238,positivo,"noodle, spicy, raman, like, good, add, soup, buy"
B000LT0STS,42,3.2142857142857144,0.40476190476190477,0.23809523809523808,0.35714285714285715,negativo,"flavor, minute, like, cinnamon, chew, xylitol, good, long"
B000N8N45W,32,3.84375,0.15625,0.40625,0.4375,normal,"noodle, good, peanut, bowl, flavor, taste, product, lunch"
B000NBQUNW,169,4.094674556213017,0.14792899408284024,0.24260355029585798,0.6094674556213018,positivo,"cholesterol, product, benecol, chew, taste, month, lower, day"
B000NGQ9VK,42,3.761904761904762,0.2857142857142857,0.11904761904761904,0.5952380952380952,positivo,"drink, energy, rockstar, taste, juice, energy drink, like, amazon"
B000NMJWZO,195,4.743589743589744,0.03076923076923077,0.1076923076923077,0.8615384615384616,positivo,"mix, pancake, gluten, good, product, free, gluten free, pamela"
B000NV83EG,42,4.309523809523809,0.11904761904761904,0.14285714285714285,0.7380952380952381,positivo,"dog, love, flossie, treat, chew, flossies, dog love, good"
B000NY8OLK,37,1.2972972972972974,0.9459459459459459,0.0,0.05405405405405406,negativo,"bar, new, lindt, new recipe, like, dark, change, buy"
B000O2EV8G,44,3.590909090909091,0.29545454545454547,0.22727272727272727,0.4772727272727273,normal,"jerky, beef, beef jerky, good, taste, organic, eat, product"
B000ORSIJ4,35,3.8857142857142857,0.2857142857142857,0.05714285714285714,0.6571428571428571,positivo,"sugar, product, xylitol, great, taste, love, use, good"
B000PDY3P0,177,3.6440677966101696,0.23163841807909605,0.3333333333333333,0.4350282485875706,normal,"taste, pop, great, salt, oil, like, good, popper"
B000PGE032,46,1.934782608695652,0.7608695652173914,0.10869565217391304,0.13043478260869565,negativo,"bottle, spray, product, work, hose, water, mosquito, sprayer"
B000PSTGKW,69,4.333333333333333,0.07246376811594203,0.2898550724637681,0.6376811594202898,positivo,"salt, spoon, use, lid, look, like, alton, alton brown"
B000Q5X876,51,4.0,0.17647058823529413,0.2549019607843137,0.5686274509803921,positivo,"fruit, kid, flavor, love, snack, good, like, taste"
B000REI2X6,60,3.283333333333333,0.4,0.23333333333333334,0.36666666666666664,negativo,"bag, flavor, order, jelly, belly, good, bean, love"
B000SARJF6,33,3.1818181818181817,0.42424242424242425,0.18181818181818182,0.3939393939393939,negativo,"taste, english, good, breakfast, price, english breakfast, bag, breakfast tea"
B000SATIE6,90,4.3,0.1111111111111111,0.16666666666666666,0.7222222222222222,positivo,"rooibo, taste, like, good, drink, flavor, bag, great"
B000SATIFA,55,3.1454545454545455,0.41818181818181815,0.2,0.38181818181818183,negativo,"green, gunpowder, good, green tea, like, taste, buy, price"
B000SATIZA,73,4.383561643835616,0.136986301369863,0.0958904109589041,0.7671232876712328,positivo,"hibiscus, drink, bag, good, product, flower, taste, pressure"
B000SDKDM4,101,3.4653465346534653,0.2871287128712871,0.2871287128712871,0.42574257425742573,normal,"coffee, bean, espresso, good, crema, taste, lavazza, like"
B000SDMFC0,32,3.75,0.15625,0.40625,0.4375,normal,"coffee, bean, like, espresso, good, taste, lavazza, crema"
B000SDO5YQ,41,3.5121951219512195,0.2682926829268293,0.3902439024390244,0.34146341463414637,normal,"espresso, good, lavazza, coffee, machine, ese, work, great"
B000SMN0DO,50,4.78,0.04,0.08,0.88,positivo,"coffee, blend, dandy, drink, dandy blend, product, like, good"
B000SQLQ0Y,41,3.8780487804878048,0.24390243902439024,0.12195121951219512,0.6341463414634146,positivo,"treat, love, product, like, dog love, good, sweet, potato"
B000SWTKV0,51,4.078431372549019,0.13725490196078433,0.2549019607843137,0.6078431372549019,positivo,"grinder, use, sea, sea salt, product, good, taste, great"
B000UBD88A,187,3.9037433155080214,0.20855614973262032,0.20855614973262032,0.5828877005347594,positivo,"coffee, pod, senseo, cup, good, dark, roast, love"
B000UUWECC,192,3.5260416666666665,0.2864583333333333,0.2708333333333333,0.4427083333333333,normal,"water, coconut water, taste, drink, like, product, good, try"
B000UVBYRM,53,4.264150943396227,0.09433962264150944,0.2641509433962264,0.6415094339622641,positivo,"protein, taste, protein bar, eat, good, great, like, love"
